1 526038.897466127 188955.890951099
2 538911.25220026 180221.923362338
3 536412.8282647 181764.16672268
4 536259.909152648 181209.03791658
5 534330.812413743 181687.940311931
6 538304.563097784 180150.557095209
7 476361.873160704 134862.543624572
8 525000.896822499 183463.18538151
9 535965.502145018 185035.389643646
10 527467.118389706 179698.910076047
11 526703.518400275 182615.54749103
12 525265.878329304 183103.870271571
13 533273.963547455 182069.130715315
14 522105.6751533 185045.507973863
15 524009.506883322 187148.313641498
16 524510.107820403 177480.691449872
17 517158.169176697 183549.982052489
18 526830.407646044 180894.828497674
19 529931.723094399 184286.895932856
20 534141.724650442 185368.763372914
21 392562.93841644 391538.65055644
22 509405.995539439 207261.685769726
23 445518.431911644 301828.476404024
24 458033.043465051 293678.301790481
25 393215.773576554 407760.21458383
26 466273.042935157 281854.838460448
27 493679.371571565 236266.983298904
28 511667.283053231 228105.114299293
29 535174.2321479 178249.987768213
30 464395.52323237 206819.384017716
31 454810.991704812 315015.066123727
32 500058.149865837 223372.45667563
33 516464.322763062 182599.983307921
34 433595.216322965 314906.344073024
35 416881.221505366 347587.320454654
36 529960.188976552 174898.657832336
37 532693.758688581 175713.752354429
38 420534.630117225 558576.622391201
39 354765.595003679 399692.753547645
40 351492.072077731 393491.619759595
41 385723.773596762 400589.382350686
42 399096.071477407 478939.578875492
43 395019.665828675 373329.532873257
44 385930.524834472 433551.569829684
45 417237.069846792 394687.516889571
46 443187.9837397 389469.76774715
47 377944.50906793 389577.191432587
48 408490.992061345 457095.73001556
49 415807.229588068 455525.835522283
50 382225.987356281 397359.212028454
51 429130.0918585 423509.282520097
52 398449.070990471 373127.429077601
53 386785.838054378 394296.383523386
54 419671.769482634 491004.218640867
55 443500.78993557 524198.454864803
56 414602.905004738 368553.315355545
57 450217.932607151 523323.308459226
58 411908.839216971 423966.019760033
59 417310.209278242 376525.448201304
60 441517.869010492 488259.546779941
61 409927.69288751 435326.034030457
62 422484.845828831 429853.908254982
63 434594.817054684 450152.399396761
64 415269.41260321 404171.559658086
65 425904.076782355 381202.695939348
66 398142.749453719 338253.393671212
67 435728.793971147 388225.822531502
68 414813.988883543 376645.67332512
69 399247.489257274 290634.484015566
70 439977.889446199 423418.52490213
71 416429.046005278 329848.266465619
72 403092.37431624 284860.486080224
73 434937.960781481 344191.680620629
74 351537.026951511 383563.631262685
75 445402.704650995 381920.87400618
76 404904.455897741 314366.821196823
77 464087.473858028 331484.055310944
78 409401.191319913 407156.816630602
79 440192.688736991 342087.842708307
80 390568.154546548 359184.593089527
81 401146.181935276 330009.858170866
82 406811.444955421 321651.309619726
83 367449.569566767 198404.10860876
84 495407.197169893 436711.825714653
85 389252.298054411 350525.64756423
86 408470.488463144 304305.56322547
87 407604.621518244 223775.214353008
88 403223.766789843 231234.711802668
89 420915.848531295 321661.571647224
90 373977.624319187 249750.44653499
91 341946.987635747 306386.122089059
92 420631.373319292 252323.393084291
93 450117.353722833 207463.420058137
94 386298.004514791 169884.165988113
95 426465.457069548 210028.431739895
96 456940.24531111 214044.677528102
97 461527.176309816 211249.325765185
98 427458.165802322 239277.827838964
99 449992.323467511 169928.006986577
100 445350.461847198 330962.224012899
101 421659.159601469 308431.648190427
102 306313.153966075 217069.240574978
103 582360.034141929 308273.158414705
104 272548.090138474 217546.726095311
105 318610.7141284 344285.847690279
106 369920.900127283 272775.736384288
107 547580.820134717 191888.746914466
108 503711.056698348 241827.404376975
109 450511.321583304 254474.652225737
110 426352.567651872 315285.137974605
111 487938.179089944 304001.553108738
112 456555.368644053 308143.148834306
113 469170.406470803 329580.297584745
114 540465.447498257 293489.039364315
115 477708.314828655 227836.363650204
116 460368.660380754 243340.037169294
117 304826.51637679 75951.7424272572
118 375834.944077679 301700.152725795
119 356011.807788467 201627.765874218
120 546061.924383542 222931.652911061
121 408991.466352779 285060.297225283
122 345516.070456916 436611.898037249
123 457945.856788949 179014.322005784
124 340100.07883219 235763.452099229
125 426380.887120458 364136.52333744
126 335309.185533497 136627.226739044
127 506109.071309994 137949.148711218
128 353059.550777532 161896.035485533
129 403968.913184954 150517.894341036
130 256111.727102276 116015.852536427
131 456765.511737812 232628.043290521
132 345934.705679153 250534.245518583
133 400458.016250337 349148.173098585
134 410919.705012895 388354.695367476
135 420378.177616944 328993.131339568
136 295056.474535835 106121.789840797
137 266402.872220245 126444.029952188
138 453355.696393343 127450.570657806
139 541962.336093518 135259.210491143
140 579354.262743922 203742.675920504
141 555319.584912002 201145.857747625
142 545903.825354888 199009.5481616
143 504175.852839011 138449.738611245
144 510832.48946124 158838.946839897
145 562764.620534418 178507.567385975
146 585253.928238482 200336.870143624
147 549398.922511567 108877.531623153
148 518051.778156421 156200.285648199
149 491562.334604013 151760.507353839
150 567297.360005661 204712.22285166
151 535745.737540773 117049.972328923
152 576468.394011875 175802.515263558
153 388230.926677073 96743.0580998111
154 405035.557160394 114571.724922715
155 385156.166160643 206882.304467386
156 428230.919073492 179930.901587543
157 429484.684805961 147514.573371537
158 437481.165962309 152782.76912425
159 454171.086809803 144018.979928435
160 461858.512441336 159149.423625217
161 461694.730592532 143292.280155429
162 417649.717209628 184529.58349747
163 485044.483041019 148353.647092555
164 465196.723061271 201315.717944704
165 461709.585761523 158520.808014182
166 426090.460043141 174852.874426985
167 417602.646801982 192092.31731978
168 432449.675080894 107968.011787491
169 599543.449812466 221460.469801709
170 555872.848606894 172813.177204588
171 530583.100880675 196199.483046212
172 526643.027132562 197213.836087192
173 519667.909835274 192552.373211194
174 565418.099241058 163964.569052014
175 542783.206234214 199117.387187692
176 524237.579559944 210007.942650456
177 558265.873705269 184578.970745148
178 506649.3338059 236903.041345901
179 497569.803338933 234061.363003018
180 496513.159140637 255416.752702495
181 363756.472177416 407788.817629346
182 364466.938193684 445458.448519175
183 386981.668246948 382171.324879357
184 362714.899546745 444826.98323562
185 383456.288616996 290015.996025269
186 437551.558215629 218922.130447433
187 357752.571977927 363420.688390094
188 324860.923966932 359292.494116475
189 400470.319409929 292484.213490922
190 327978.301092746 351579.565951363
191 538930.030448222 214714.066836948
192 384038.362753757 384901.683206536
193 431387.473796141 339910.746994858
194 541238.813831494 230031.874066545
195 364558.916152441 204596.569574327
196 360538.710318805 436096.077742789
197 494276.320155812 337440.295877725
198 556407.405774716 324453.359355133
199 520718.635969134 323847.258281321
200 508083.597753554 342529.019999682
201 534163.844860072 328397.293673024
202 494609.093191992 340339.615153233
203 521783.977424456 350600.270234222
204 534742.208904721 359119.179292653
205 578739.803252129 309587.994813116
206 523851.81309095 341799.019704539
207 528827.731757549 325573.97331198
208 536775.533951784 337470.645383524
209 532064.692377534 325047.246331189
210 610019.330908313 313927.558259317
211 591137.825231871 327231.730532958
212 495082.316083465 330902.708842527
213 477409.765324108 371390.542358433
214 517550.626819258 312777.03498921
215 494741.921935732 349020.423683095
216 485014.596130187 418471.7873617
217 513271.786263003 295509.821421182
218 477893.157691886 366437.780715932
219 619119.62161467 299793.909744683
220 453924.62991906 403271.902084827
221 469801.647447603 352061.703843989
222 456668.670605705 409305.807571188
223 467248.262240009 410499.566212701
224 472565.118723671 293381.618701643
225 452462.527655828 354935.304938937
226 449723.380821189 433786.946981918
227 435646.354049386 441652.044648073
228 460571.492202166 355996.31840101
229 436772.656104791 257052.074596489
230 435022.786500307 274206.844914177
231 454448.883438485 261649.509372101
232 459453.605096009 251801.735205515
233 458632.717418964 344227.717533719
234 418120.859375827 259345.128916771
235 412426.702499583 224448.497089254
236 420092.952684423 227650.445528364
237 409174.118210846 254279.634003586
238 384537.135404386 300874.853680161
239 419386.837108704 210574.212911637
240 384561.208618186 182266.605032074
241 410079.959521235 281768.34148595
242 348055.961968743 120639.931834924
243 407590.303817167 313314.526355394
244 438675.320625538 201281.305275873
245 435845.368101148 243417.043922581
246 435445.630868285 265748.17937072
247 503935.885731073 211611.081721814
248 387370.618069429 163575.266604201
249 448639.364220223 235339.97966121
250 514473.83107575 276905.001411145
251 611838.27985337 253466.821470886
252 591627.434804842 252969.216238416
253 615647.64877655 267022.997120748
254 543611.01207875 214103.899810843
255 532227.953571269 265855.625018922
256 551407.3241632 210583.185173091
257 431052.959206175 258063.945418956
258 524272.793061603 241511.91857748
259 512645.321943268 210833.792643239
260 504367.169531908 165524.445554485
261 538677.698813112 226135.890281272
262 503978.813920752 175936.266294801
263 517397.415707584 161470.675591149
264 584688.46781186 268053.602883933
265 539145.391297661 268500.972071
266 416967.888081178 338114.593218716
267 573683.025588736 255870.127389862
268 451553.75746977 231673.66677678
269 488414.001672817 133914.350152145
270 437460.175172428 244328.054806897
271 523688.221731788 133955.346469666
272 429904.915131176 252977.267160136
273 437516.962342778 253526.797324073
274 455071.532846195 179135.81847287
275 294476.333947422 153586.461477995
276 386357.770934884 256420.654766725
277 360230.490051419 278250.260528134
278 452362.833984578 219934.088397866
279 459077.07498708 183849.42001329
280 400639.5619366 246921.523517786
281 406312.207908899 247051.351379526
282 328493.265226017 90724.8478781655
283 508372.677940363 144877.182672829
284 363391.049941275 277790.712915882
285 448609.037033714 258430.799442597
286 356500.417357612 317467.54854318
287 493066.9110184 146342.44523548
288 252460.197940326 226625.111869297
289 278651.007214134 292499.636641406
290 343765.57052048 203080.011603438
291 377981.57288302 330420.627052051
292 380888.683822633 331122.879531715
293 373567.427749108 365538.544107415
294 410204.689824119 263571.085723491
295 337411.357847841 254037.734504292
296 405044.116828429 418832.889914532
297 349780.678362825 276712.794331433
298 371684.540387564 310253.350903743
299 416282.874725708 344575.831589284
300 311609.865155323 255788.876127542
301 314331.899562577 356898.353625919
302 219250.962159915 68854.8908068127
303 316860.37725285 162868.567704727
304 430411.293311156 254340.580566427
305 428613.824618515 541452.55803283
306 368934.236234518 248160.992543271
307 447884.976153213 268627.578744723
308 416054.390537631 277324.056642253
309 403014.998915487 299164.55303553
310 453543.492306881 285177.307322303
311 408296.455607444 307163.209990904
312 365791.294173928 281986.057384836
313 351199.161516513 324949.560918519
314 305668.779437419 206633.267162321
315 255293.107256688 343198.845644439
316 308682.4405189 341347.279516362
317 315232.297119318 331971.108105008
318 371901.098592973 328810.394338363
319 256875.198501456 352597.542161989
320 343174.400952124 340672.350979606
321 322814.902442599 315526.384616962
322 362316.667967972 317459.410232105
323 309249.328793864 353951.993504359
324 303013.477023902 359947.369322405
325 476026.93527189 262211.660739929
326 293017.875474955 338008.51812637
327 330990.703277007 244492.658669237
328 269094.111488106 209247.59877494
329 329627.354466679 312468.259157934
330 292999.786595878 237511.973248501
331 297319.573599008 234904.907750166
332 297157.074232894 253598.310262463
333 246647.794463606 225788.547439942
334 273189.800921877 199638.276937112
335 306990.559893632 187214.621473756
336 279344.189665214 224063.132040462
337 260400.691230084 241846.985867255
338 246385.829524031 205989.643070879
339 296539.411217163 197402.871161695
340 303638.217473252 197974.649030089
341 291376.52555856 200169.950940517
342 266351.909368193 204693.152172401
343 292825.262567829 179791.828851865
344 268117.435186984 232695.116302487
345 222645.658407635 211682.037357159
346 292730.398866592 238954.234781634
347 339881.541605093 204015.027201027
348 328803.357507408 197689.375011541
